#0#
(-12.0, 17.0, -15.0)
(0.0, -0.1, 0.0, -1.0)
(-1.0, 0.0, 0.0)
(1.0, 0.0, 0.0)
77
7.7
#1#
(65.0, 17.0, -15.0)
(-0.2, 0.0, 0.0, -1.0)
(-1.0, 0.0, 0.0)
(16.0, 0.0, 0.0)
42.68274
2.845516
#2#
(93.0, 17.0, 7.2)
(-0.5, 0.5, -0.4, -0.6)
(0.0, 0.0, -23.0)
(0.0, 0.0, 1.0)
52.8
5.28
#3#
(93.0, 17.0, 60.0)
(-0.6, 0.4, -0.4, -0.6)
(0.0, 0.0, -1.0)
(0.0, 0.0, 9.0)
43.87156
4.387156
#4#
(65.0, 17.0, 88.0)
(-0.2, 0.7, -0.6, -0.3)
(22.0, 0.0, -1.0)
(0.0, 0.0, 1.0)
38.03154
Infinity
#5#
(27.0, 17.0, 88.0)
(0.0, 0.7, -0.7, 0.0)
(-1.0, 0.0, 0.0)
(1.0, 0.0, 0.0)
110.1561
Infinity
