#0#
(0.0, 11.0, 3.0)
(0.0, 0.0, 0.0, 1.0)
(-1.0, 0.0, 0.0)
(1.0, 0.0, 0.0)
6.200337
62.00337
#1#
(62.0, 11.0, 3.0)
(0.0, 0.0, 0.0, 1.0)
(-1.0, 0.0, -0.5)
(14.0, 0.0, 0.5)
2.25621
22.5621
#2#
(75.0, 11.0, 18.0)
(0.6, -0.4, 0.5, 0.5)
(0.0, 0.0, -2.0)
(0.0, 0.0, 2.0)
3.9
39
#3#
(75.0, 11.0, 57.0)
(0.5, -0.5, 0.5, 0.5)
(0.0, 0.0, -5.5)
(0.0, 0.0, 5.5)
2.213573
22.13573
#4#
(60.0, 11.0, 70.0)
(-0.3, 0.6, -0.7, -0.3)
(11.0, 0.0, 0.0)
(-11.0, 0.0, 0.0)
4
40
#5#
(20.0, 11.0, 70.0)
(-0.1, 0.8, -0.5, -0.2)
(5.0, 0.0, 0.0)
(-5.0, 0.0, 0.0)
1.268501
12.68501
#6#
(15.0, 11.0, 60.0)
(0.1, 0.7, -0.7, 0.1)
(0.0, 0.0, 5.0)
(0.0, 0.0, -5.0)
1
10
#7#
(15.0, 11.0, 50.0)
(0.5, 0.5, -0.5, 0.5)
(0.0, 0.0, 2.0)
(0.0, 0.0, -8.0)
1.947138
19.47138
#8#
(30.0, 11.0, 42.0)
(0.5, 0.4, -0.5, 0.4)
(-8.0, 0.0, 0.0)
(0.0, 0.0, 0.0)
9.8
98
#9#
(128.0, 11.0, 42.0)
(0.6, 0.4, -0.5, 0.5)
(-1.0, 0.0, 0.0)
(1.0, 0.0, 0.0)
13.38102
133.8102
